1.414000000000000000e+03
1.155000000000000000e+03
0.000000000000000000e+00
0.000000000000000000e+00
0.000000000000000000e+00
0.000000000000000000e+00
0.000000000000000000e+00
0.000000000000000000e+00
0.000000000000000000e+00
0.000000000000000000e+00
0.000000000000000000e+00
0.000000000000000000e+00
0.000000000000000000e+00
0.000000000000000000e+00
0.000000000000000000e+00
0.000000000000000000e+00
0.000000000000000000e+00
0.000000000000000000e+00
0.000000000000000000e+00
0.000000000000000000e+00
0.000000000000000000e+00
0.000000000000000000e+00
0.000000000000000000e+00
0.000000000000000000e+00
0.000000000000000000e+00
0.000000000000000000e+00
0.000000000000000000e+00
0.000000000000000000e+00
0.000000000000000000e+00
0.000000000000000000e+00
0.000000000000000000e+00
0.000000000000000000e+00
0.000000000000000000e+00
0.000000000000000000e+00
0.000000000000000000e+00
0.000000000000000000e+00
0.000000000000000000e+00
0.000000000000000000e+00
0.000000000000000000e+00
0.000000000000000000e+00
0.000000000000000000e+00
0.000000000000000000e+00
0.000000000000000000e+00
0.000000000000000000e+00
0.000000000000000000e+00
0.000000000000000000e+00
0.000000000000000000e+00
1.700000000000000000e+02
8.100000000000000000e+01
-3.030000000000000000e+02
-6.630000000000000000e+02
-8.410000000000000000e+02
-8.300000000000000000e+02
-1.402000000000000000e+03
-3.832000000000000000e+03
-7.260000000000000000e+03
-6.918000000000000000e+03
9.500000000000000000e+01
1.021700000000000000e+04
1.698300000000000000e+04
1.706200000000000000e+04
1.020800000000000000e+04
-3.510000000000000000e+02
-9.122000000000000000e+03
-1.274600000000000000e+04
-1.196200000000000000e+04
-8.784000000000000000e+03
-4.785000000000000000e+03
-1.030000000000000000e+03
1.812000000000000000e+03
3.042000000000000000e+03
2.588000000000000000e+03
1.404000000000000000e+03
5.370000000000000000e+02
3.620000000000000000e+02
4.970000000000000000e+02
6.210000000000000000e+02
6.970000000000000000e+02
1.100000000000000000e+03
2.011000000000000000e+03
2.966000000000000000e+03
3.093000000000000000e+03
1.927000000000000000e+03
-2.410000000000000000e+02
-2.142000000000000000e+03
-2.304000000000000000e+03
-6.450000000000000000e+02
8.580000000000000000e+02
6.940000000000000000e+02
-1.190000000000000000e+02
4.900000000000000000e+01
9.150000000000000000e+02
1.223000000000000000e+03
5.950000000000000000e+02
-4.490000000000000000e+02
-1.238000000000000000e+03
-1.160000000000000000e+03
-3.600000000000000000e+02
2.120000000000000000e+02
2.090000000000000000e+02
3.870000000000000000e+02
9.350000000000000000e+02
9.220000000000000000e+02
2.300000000000000000e+01
-8.270000000000000000e+02
-8.910000000000000000e+02
-5.210000000000000000e+02
-2.500000000000000000e+02
6.500000000000000000e+01
6.280000000000000000e+02
8.410000000000000000e+02
-2.400000000000000000e+01
-1.407000000000000000e+03
-1.941000000000000000e+03
-1.204000000000000000e+03
-1.320000000000000000e+02
4.180000000000000000e+02
4.910000000000000000e+02
4.390000000000000000e+02
3.560000000000000000e+02
5.900000000000000000e+01
-6.580000000000000000e+02
-1.322000000000000000e+03
-1.125000000000000000e+03
-5.400000000000000000e+01
9.100000000000000000e+02
1.250000000000000000e+03
1.266000000000000000e+03
9.670000000000000000e+02
-2.400000000000000000e+01
-1.245000000000000000e+03
-1.676000000000000000e+03
-1.427000000000000000e+03
-1.548000000000000000e+03
-1.857000000000000000e+03
-1.151000000000000000e+03
3.620000000000000000e+02
1.264000000000000000e+03
1.555000000000000000e+03
2.207000000000000000e+03
2.651000000000000000e+03
1.456000000000000000e+03
-7.530000000000000000e+02
-1.582000000000000000e+03
-3.560000000000000000e+02
7.360000000000000000e+02
-9.000000000000000000e+01
-1.730000000000000000e+03
-1.975000000000000000e+03
-4.960000000000000000e+02
1.223000000000000000e+03
1.849000000000000000e+03
1.238000000000000000e+03
2.120000000000000000e+02
-3.550000000000000000e+02
-3.320000000000000000e+02
-3.220000000000000000e+02
-8.080000000000000000e+02
-1.334000000000000000e+03
-9.010000000000000000e+02
4.720000000000000000e+02
1.353000000000000000e+03
8.790000000000000000e+02
-2.600000000000000000e+02
-8.910000000000000000e+02
-6.460000000000000000e+02
8.000000000000000000e+00
6.400000000000000000e+02
1.126000000000000000e+03
1.212000000000000000e+03
6.860000000000000000e+02
-5.600000000000000000e+01
-3.360000000000000000e+02
2.700000000000000000e+01
3.880000000000000000e+02
1.340000000000000000e+02
-3.150000000000000000e+02
6.500000000000000000e+01
1.010000000000000000e+03
8.510000000000000000e+02
-8.940000000000000000e+02
-2.523000000000000000e+03
-2.336000000000000000e+03
-6.620000000000000000e+02
8.190000000000000000e+02
8.660000000000000000e+02
-4.000000000000000000e+02
-1.558000000000000000e+03
-1.019000000000000000e+03
9.110000000000000000e+02
2.259000000000000000e+03
2.074000000000000000e+03
1.395000000000000000e+03
1.183000000000000000e+03
9.210000000000000000e+02
-1.690000000000000000e+02
-1.595000000000000000e+03
-1.993000000000000000e+03
-8.830000000000000000e+02
5.910000000000000000e+02
1.126000000000000000e+03
6.470000000000000000e+02
-3.540000000000000000e+02
-1.374000000000000000e+03
-1.470000000000000000e+03
-1.040000000000000000e+02
1.534000000000000000e+03
1.815000000000000000e+03
8.390000000000000000e+02
-1.680000000000000000e+02
-7.530000000000000000e+02
-1.149000000000000000e+03
-1.265000000000000000e+03
-7.690000000000000000e+02
2.800000000000000000e+02
1.172000000000000000e+03
1.074000000000000000e+03
1.270000000000000000e+02
-6.820000000000000000e+02
-6.570000000000000000e+02
1.100000000000000000e+02
8.790000000000000000e+02
7.780000000000000000e+02
6.500000000000000000e+01
2.670000000000000000e+02
1.965000000000000000e+03
3.217000000000000000e+03
1.714000000000000000e+03
-1.774000000000000000e+03
-3.770000000000000000e+03
-2.632000000000000000e+03
-5.380000000000000000e+02
-1.490000000000000000e+02
-1.133000000000000000e+03
-1.547000000000000000e+03
-9.510000000000000000e+02
-3.440000000000000000e+02
-1.160000000000000000e+02
4.930000000000000000e+02
1.985000000000000000e+03
3.341000000000000000e+03
2.721000000000000000e+03
1.010000000000000000e+02
-1.990000000000000000e+03
-1.672000000000000000e+03
-1.170000000000000000e+02
8.220000000000000000e+02
1.034000000000000000e+03
1.111000000000000000e+03
1.005000000000000000e+03
6.160000000000000000e+02
-1.600000000000000000e+01
-9.480000000000000000e+02
-1.758000000000000000e+03
-1.525000000000000000e+03
-1.840000000000000000e+02
9.130000000000000000e+02
7.170000000000000000e+02
-1.010000000000000000e+02
-2.830000000000000000e+02
2.840000000000000000e+02
6.960000000000000000e+02
2.950000000000000000e+02
-6.660000000000000000e+02
-1.124000000000000000e+03
-3.110000000000000000e+02
9.180000000000000000e+02
9.120000000000000000e+02
-4.550000000000000000e+02
-1.413000000000000000e+03
-5.640000000000000000e+02
1.600000000000000000e+03
3.282000000000000000e+03
2.859000000000000000e+03
9.500000000000000000e+01
-3.356000000000000000e+03
-4.872000000000000000e+03
-3.328000000000000000e+03
-4.280000000000000000e+02
1.099000000000000000e+03
6.580000000000000000e+02
-1.310000000000000000e+02
-8.800000000000000000e+01
5.910000000000000000e+02
1.348000000000000000e+03
1.771000000000000000e+03
1.524000000000000000e+03
6.040000000000000000e+02
-3.330000000000000000e+02
-2.690000000000000000e+02
1.037000000000000000e+03
2.088000000000000000e+03
1.299000000000000000e+03
-5.410000000000000000e+02
-1.373000000000000000e+03
-8.970000000000000000e+02
-4.350000000000000000e+02
-4.970000000000000000e+02
-6.480000000000000000e+02
-8.200000000000000000e+02
-1.127000000000000000e+03
-1.425000000000000000e+03
-1.619000000000000000e+03
-1.525000000000000000e+03
-6.220000000000000000e+02
9.260000000000000000e+02
1.843000000000000000e+03
1.424000000000000000e+03
3.590000000000000000e+02
-3.640000000000000000e+02
-3.920000000000000000e+02
2.890000000000000000e+02
1.370000000000000000e+03
2.037000000000000000e+03
1.315000000000000000e+03
-5.490000000000000000e+02
-1.818000000000000000e+03
-1.303000000000000000e+03
1.150000000000000000e+02
7.120000000000000000e+02
-4.700000000000000000e+01
-1.224000000000000000e+03
-1.548000000000000000e+03
-6.660000000000000000e+02
4.150000000000000000e+02
3.490000000000000000e+02
-9.360000000000000000e+02
-1.811000000000000000e+03
-8.740000000000000000e+02
9.080000000000000000e+02
1.403000000000000000e+03
5.040000000000000000e+02
4.300000000000000000e+01
6.290000000000000000e+02
1.003000000000000000e+03
6.460000000000000000e+02
3.800000000000000000e+02
4.840000000000000000e+02
1.200000000000000000e+02
-7.780000000000000000e+02
-9.740000000000000000e+02
3.000000000000000000e+01
9.130000000000000000e+02
4.480000000000000000e+02
-6.950000000000000000e+02
-1.013000000000000000e+03
-1.420000000000000000e+02
9.040000000000000000e+02
1.038000000000000000e+03
1.530000000000000000e+02
-8.780000000000000000e+02
-1.090000000000000000e+03
-3.510000000000000000e+02
5.710000000000000000e+02
6.310000000000000000e+02
-4.660000000000000000e+02
-1.716000000000000000e+03
-1.747000000000000000e+03
-4.700000000000000000e+02
7.700000000000000000e+02
8.260000000000000000e+02
-1.930000000000000000e+02
-1.266000000000000000e+03
-1.293000000000000000e+03
-4.800000000000000000e+01
1.469000000000000000e+03
1.987000000000000000e+03
1.301000000000000000e+03
3.300000000000000000e+02
-1.100000000000000000e+02
-2.160000000000000000e+02
-5.370000000000000000e+02
-8.760000000000000000e+02
-6.570000000000000000e+02
-1.020000000000000000e+02
8.300000000000000000e+01
-6.000000000000000000e+01
7.500000000000000000e+01
6.610000000000000000e+02
1.314000000000000000e+03
1.536000000000000000e+03
1.077000000000000000e+03
1.750000000000000000e+02
-7.130000000000000000e+02
-1.311000000000000000e+03
-1.514000000000000000e+03
-1.200000000000000000e+03
-3.680000000000000000e+02
5.490000000000000000e+02
9.910000000000000000e+02
9.910000000000000000e+02
8.730000000000000000e+02
3.970000000000000000e+02
-6.250000000000000000e+02
-1.231000000000000000e+03
-4.420000000000000000e+02
8.270000000000000000e+02
6.570000000000000000e+02
-1.074000000000000000e+03
-2.165000000000000000e+03
-1.112000000000000000e+03
4.350000000000000000e+02
-1.010000000000000000e+02
-2.207000000000000000e+03
-2.792000000000000000e+03
-4.470000000000000000e+02
2.824000000000000000e+03
4.177000000000000000e+03
2.826000000000000000e+03
4.900000000000000000e+02
-5.390000000000000000e+02
1.570000000000000000e+02
8.000000000000000000e+02
-6.500000000000000000e+01
-1.654000000000000000e+03
-2.167000000000000000e+03
-1.242000000000000000e+03
-1.630000000000000000e+02
7.900000000000000000e+01
-1.510000000000000000e+02
-1.130000000000000000e+02
7.600000000000000000e+01
-1.250000000000000000e+02
-4.290000000000000000e+02
-5.900000000000000000e+01
6.110000000000000000e+02
3.590000000000000000e+02
-6.750000000000000000e+02
-8.910000000000000000e+02
2.530000000000000000e+02
1.345000000000000000e+03
1.076000000000000000e+03
-1.830000000000000000e+02
-1.181000000000000000e+03
-1.109000000000000000e+03
3.700000000000000000e+01
1.408000000000000000e+03
1.774000000000000000e+03
6.730000000000000000e+02
-9.030000000000000000e+02
-1.352000000000000000e+03
-2.870000000000000000e+02
8.800000000000000000e+02
8.010000000000000000e+02
-8.200000000000000000e+01
-6.310000000000000000e+02
-8.140000000000000000e+02
-1.175000000000000000e+03
-1.493000000000000000e+03
-1.032000000000000000e+03
4.080000000000000000e+02
2.149000000000000000e+03
2.890000000000000000e+03
1.674000000000000000e+03
-7.010000000000000000e+02
-2.035000000000000000e+03
-1.320000000000000000e+03
1.000000000000000000e+01
2.230000000000000000e+02
-4.810000000000000000e+02
-7.260000000000000000e+02
5.600000000000000000e+01
1.129000000000000000e+03
1.305000000000000000e+03
1.650000000000000000e+02
-1.261000000000000000e+03
-1.497000000000000000e+03
-3.320000000000000000e+02
9.670000000000000000e+02
1.095000000000000000e+03
4.500000000000000000e+01
-1.093000000000000000e+03
-1.398000000000000000e+03
-8.990000000000000000e+02
-6.700000000000000000e+01
8.120000000000000000e+02
1.513000000000000000e+03
1.740000000000000000e+03
1.498000000000000000e+03
1.122000000000000000e+03
7.210000000000000000e+02
8.100000000000000000e+01
-8.680000000000000000e+02
-1.881000000000000000e+03
-2.625000000000000000e+03
-2.741000000000000000e+03
-1.808000000000000000e+03
2.100000000000000000e+02
2.282000000000000000e+03
2.643000000000000000e+03
7.140000000000000000e+02
-1.721000000000000000e+03
-2.264000000000000000e+03
-6.690000000000000000e+02
1.189000000000000000e+03
1.888000000000000000e+03
1.711000000000000000e+03
1.388000000000000000e+03
9.200000000000000000e+02
-1.630000000000000000e+02
-2.063000000000000000e+03
-4.153000000000000000e+03
-5.059000000000000000e+03
-3.794000000000000000e+03
-7.270000000000000000e+02
2.709000000000000000e+03
5.005000000000000000e+03
5.242000000000000000e+03
3.452000000000000000e+03
6.510000000000000000e+02
-1.797000000000000000e+03
-2.884000000000000000e+03
-2.406000000000000000e+03
-9.260000000000000000e+02
7.000000000000000000e+02
1.888000000000000000e+03
2.458000000000000000e+03
2.377000000000000000e+03
1.583000000000000000e+03
3.070000000000000000e+02
-7.010000000000000000e+02
-7.620000000000000000e+02
-6.000000000000000000e+01
5.720000000000000000e+02
5.220000000000000000e+02
-2.640000000000000000e+02
-1.387000000000000000e+03
-2.205000000000000000e+03
-2.256000000000000000e+03
-1.760000000000000000e+03
-1.431000000000000000e+03
-1.604000000000000000e+03
-1.883000000000000000e+03
-1.741000000000000000e+03
-9.850000000000000000e+02
2.530000000000000000e+02
1.559000000000000000e+03
2.427000000000000000e+03
2.709000000000000000e+03
2.609000000000000000e+03
2.147000000000000000e+03
1.196000000000000000e+03
-3.100000000000000000e+01
-1.050000000000000000e+03
-1.616000000000000000e+03
-1.750000000000000000e+03
-1.452000000000000000e+03
-6.920000000000000000e+02
2.840000000000000000e+02
8.640000000000000000e+02
5.170000000000000000e+02
-6.110000000000000000e+02
-1.645000000000000000e+03
-1.724000000000000000e+03
-7.990000000000000000e+02
4.120000000000000000e+02
1.317000000000000000e+03
1.934000000000000000e+03
2.354000000000000000e+03
2.372000000000000000e+03
1.858000000000000000e+03
1.067000000000000000e+03
3.250000000000000000e+02
-2.790000000000000000e+02
-6.980000000000000000e+02
-7.650000000000000000e+02
-5.230000000000000000e+02
-3.320000000000000000e+02
-3.700000000000000000e+02
-4.220000000000000000e+02
-4.130000000000000000e+02
-5.500000000000000000e+02
-7.800000000000000000e+02
-7.470000000000000000e+02
-4.120000000000000000e+02
-1.690000000000000000e+02
-3.280000000000000000e+02
-7.410000000000000000e+02
-9.810000000000000000e+02
-8.500000000000000000e+02
-6.030000000000000000e+02
-5.700000000000000000e+02
-7.520000000000000000e+02
-9.230000000000000000e+02
-8.470000000000000000e+02
-2.530000000000000000e+02
1.027000000000000000e+03
2.500000000000000000e+03
3.077000000000000000e+03
2.267000000000000000e+03
8.950000000000000000e+02
6.400000000000000000e+01
-8.900000000000000000e+01
-9.400000000000000000e+01
-2.560000000000000000e+02
-4.940000000000000000e+02
-5.220000000000000000e+02
-3.200000000000000000e+01
8.060000000000000000e+02
1.179000000000000000e+03
4.430000000000000000e+02
-1.067000000000000000e+03
-2.334000000000000000e+03
-2.576000000000000000e+03
-1.767000000000000000e+03
-5.360000000000000000e+02
4.530000000000000000e+02
1.049000000000000000e+03
1.386000000000000000e+03
1.377000000000000000e+03
8.640000000000000000e+02
1.360000000000000000e+02
-2.640000000000000000e+02
-2.360000000000000000e+02
-1.520000000000000000e+02
-2.110000000000000000e+02
-1.940000000000000000e+02
8.300000000000000000e+01
2.990000000000000000e+02
-1.000000000000000000e+02
-1.093000000000000000e+03
-1.741000000000000000e+03
-1.020000000000000000e+03
9.440000000000000000e+02
2.708000000000000000e+03
2.804000000000000000e+03
1.107000000000000000e+03
-1.192000000000000000e+03
-2.756000000000000000e+03
-3.064000000000000000e+03
-2.323000000000000000e+03
-9.710000000000000000e+02
6.130000000000000000e+02
2.155000000000000000e+03
3.455000000000000000e+03
4.121000000000000000e+03
3.582000000000000000e+03
1.691000000000000000e+03
-7.970000000000000000e+02
-2.563000000000000000e+03
-2.808000000000000000e+03
-2.020000000000000000e+03
-1.530000000000000000e+03
-2.011000000000000000e+03
-2.784000000000000000e+03
-2.848000000000000000e+03
-2.039000000000000000e+03
-8.290000000000000000e+02
4.250000000000000000e+02
1.697000000000000000e+03
2.971000000000000000e+03
3.986000000000000000e+03
4.382000000000000000e+03
3.918000000000000000e+03
2.647000000000000000e+03
1.075000000000000000e+03
-1.330000000000000000e+02
-8.870000000000000000e+02
-1.652000000000000000e+03
-2.602000000000000000e+03
-3.314000000000000000e+03
-3.347000000000000000e+03
-2.628000000000000000e+03
-1.433000000000000000e+03
-2.930000000000000000e+02
3.860000000000000000e+02
7.140000000000000000e+02
1.023000000000000000e+03
1.298000000000000000e+03
1.205000000000000000e+03
5.980000000000000000e+02
-2.530000000000000000e+02
-8.020000000000000000e+02
-5.860000000000000000e+02
3.320000000000000000e+02
1.299000000000000000e+03
1.621000000000000000e+03
1.106000000000000000e+03
6.700000000000000000e+01
-9.290000000000000000e+02
-1.407000000000000000e+03
-1.272000000000000000e+03
-6.960000000000000000e+02
5.300000000000000000e+01
6.650000000000000000e+02
9.970000000000000000e+02
1.146000000000000000e+03
1.057000000000000000e+03
4.690000000000000000e+02
-4.630000000000000000e+02
-1.019000000000000000e+03
-7.120000000000000000e+02
5.300000000000000000e+01
4.280000000000000000e+02
9.900000000000000000e+01
-5.040000000000000000e+02
-8.150000000000000000e+02
-5.890000000000000000e+02
2.500000000000000000e+01
5.570000000000000000e+02
6.520000000000000000e+02
4.390000000000000000e+02
2.430000000000000000e+02
1.160000000000000000e+02
-1.330000000000000000e+02
-5.420000000000000000e+02
-7.710000000000000000e+02
-4.980000000000000000e+02
4.100000000000000000e+01
3.170000000000000000e+02
1.590000000000000000e+02
-2.370000000000000000e+02
-5.350000000000000000e+02
-4.450000000000000000e+02
-5.700000000000000000e+01
2.130000000000000000e+02
1.140000000000000000e+02
-2.750000000000000000e+02
-7.020000000000000000e+02
-8.560000000000000000e+02
-6.740000000000000000e+02
-4.340000000000000000e+02
-2.680000000000000000e+02
1.600000000000000000e+01
4.870000000000000000e+02
1.014000000000000000e+03
1.577000000000000000e+03
2.106000000000000000e+03
2.281000000000000000e+03
2.003000000000000000e+03
1.674000000000000000e+03
1.547000000000000000e+03
1.235000000000000000e+03
2.590000000000000000e+02
-1.153000000000000000e+03
-2.312000000000000000e+03
-2.978000000000000000e+03
-3.328000000000000000e+03
-3.217000000000000000e+03
-2.345000000000000000e+03
-8.560000000000000000e+02
9.870000000000000000e+02
2.898000000000000000e+03
4.041000000000000000e+03
3.649000000000000000e+03
2.045000000000000000e+03
-6.000000000000000000e+00
-2.086000000000000000e+03
-3.621000000000000000e+03
-3.899000000000000000e+03
-3.092000000000000000e+03
