0.000000000000000000e+00
4.000000000000000083e-03
8.000000000000000167e-03
1.200000000000000025e-02
1.600000000000000033e-02
2.000000000000000042e-02
2.400000000000000050e-02
2.800000000000000058e-02
3.200000000000000067e-02
3.600000000000000422e-02
4.000000000000000083e-02
4.399999999999999745e-02
4.800000000000000100e-02
5.200000000000000455e-02
5.600000000000000117e-02
5.999999999999999778e-02
6.400000000000000133e-02
6.800000000000000488e-02
7.200000000000000844e-02
7.599999999999999811e-02
8.000000000000000167e-02
8.400000000000000522e-02
8.799999999999999489e-02
9.199999999999999845e-02
9.600000000000000200e-02
1.000000000000000056e-01
1.040000000000000091e-01
1.079999999999999988e-01
1.120000000000000023e-01
1.160000000000000059e-01
1.199999999999999956e-01
1.239999999999999991e-01
1.280000000000000027e-01
1.320000000000000062e-01
1.360000000000000098e-01
1.400000000000000133e-01
1.440000000000000169e-01
1.479999999999999927e-01
1.519999999999999962e-01
1.559999999999999998e-01
1.600000000000000033e-01
1.640000000000000069e-01
1.680000000000000104e-01
1.720000000000000140e-01
1.759999999999999898e-01
1.799999999999999933e-01
1.839999999999999969e-01
1.880000000000000004e-01
1.920000000000000040e-01
1.960000000000000075e-01
2.000000000000000111e-01
2.040000000000000147e-01
2.080000000000000182e-01
2.119999999999999940e-01
2.159999999999999976e-01
2.200000000000000011e-01
2.240000000000000047e-01
2.280000000000000082e-01
2.320000000000000118e-01
2.360000000000000153e-01
2.399999999999999911e-01
2.439999999999999947e-01
2.479999999999999982e-01
2.520000000000000018e-01
2.560000000000000053e-01
2.600000000000000089e-01
2.640000000000000124e-01
2.680000000000000160e-01
2.720000000000000195e-01
2.760000000000000231e-01
2.800000000000000266e-01
2.840000000000000302e-01
2.880000000000000338e-01
2.919999999999999818e-01
2.959999999999999853e-01
2.999999999999999889e-01
3.039999999999999925e-01
3.079999999999999960e-01
3.119999999999999996e-01
3.160000000000000031e-01
3.200000000000000067e-01
3.240000000000000102e-01
3.280000000000000138e-01
3.320000000000000173e-01
3.360000000000000209e-01
3.400000000000000244e-01
3.440000000000000280e-01
3.480000000000000315e-01
3.519999999999999796e-01
3.559999999999999831e-01
3.599999999999999867e-01
3.639999999999999902e-01
3.679999999999999938e-01
3.719999999999999973e-01
3.760000000000000009e-01
3.800000000000000044e-01
3.840000000000000080e-01
3.880000000000000115e-01
3.920000000000000151e-01
3.960000000000000187e-01
4.000000000000000222e-01
4.040000000000000258e-01
4.080000000000000293e-01
4.120000000000000329e-01
4.160000000000000364e-01
4.199999999999999845e-01
4.239999999999999880e-01
4.279999999999999916e-01
4.319999999999999951e-01
4.359999999999999987e-01
4.400000000000000022e-01
4.440000000000000058e-01
4.480000000000000093e-01
4.520000000000000129e-01
4.560000000000000164e-01
4.600000000000000200e-01
4.640000000000000235e-01
4.680000000000000271e-01
4.720000000000000306e-01
4.760000000000000342e-01
4.799999999999999822e-01
4.839999999999999858e-01
4.879999999999999893e-01
4.919999999999999929e-01
4.959999999999999964e-01
5.000000000000000000e-01
5.040000000000000036e-01
5.080000000000000071e-01
5.120000000000000107e-01
5.160000000000000142e-01
5.200000000000000178e-01
5.240000000000000213e-01
5.280000000000000249e-01
5.320000000000000284e-01
5.360000000000000320e-01
5.400000000000000355e-01
5.440000000000000391e-01
5.480000000000000426e-01
5.520000000000000462e-01
5.560000000000000497e-01
5.600000000000000533e-01
5.640000000000000568e-01
5.680000000000000604e-01
5.720000000000000639e-01
5.760000000000000675e-01
5.799999999999999600e-01
5.839999999999999636e-01
5.879999999999999671e-01
5.919999999999999707e-01
5.959999999999999742e-01
5.999999999999999778e-01
6.039999999999999813e-01
6.079999999999999849e-01
6.119999999999999885e-01
6.159999999999999920e-01
6.199999999999999956e-01
6.239999999999999991e-01
6.280000000000000027e-01
6.320000000000000062e-01
6.360000000000000098e-01
6.400000000000000133e-01
6.440000000000000169e-01
6.480000000000000204e-01
6.520000000000000240e-01
6.560000000000000275e-01
6.600000000000000311e-01
6.640000000000000346e-01
6.680000000000000382e-01
6.720000000000000417e-01
6.760000000000000453e-01
6.800000000000000488e-01
6.840000000000000524e-01
6.880000000000000560e-01
6.920000000000000595e-01
6.960000000000000631e-01
7.000000000000000666e-01
7.039999999999999591e-01
7.079999999999999627e-01
7.119999999999999662e-01
7.159999999999999698e-01
7.199999999999999734e-01
7.239999999999999769e-01
7.279999999999999805e-01
7.319999999999999840e-01
7.359999999999999876e-01
7.399999999999999911e-01
7.439999999999999947e-01
7.479999999999999982e-01
7.520000000000000018e-01
7.560000000000000053e-01
7.600000000000000089e-01
7.640000000000000124e-01
7.680000000000000160e-01
7.720000000000000195e-01
7.760000000000000231e-01
7.800000000000000266e-01
7.840000000000000302e-01
7.880000000000000338e-01
7.920000000000000373e-01
7.960000000000000409e-01
8.000000000000000444e-01
8.040000000000000480e-01
8.080000000000000515e-01
8.120000000000000551e-01
8.160000000000000586e-01
8.200000000000000622e-01
8.240000000000000657e-01
8.280000000000000693e-01
8.320000000000000728e-01
8.359999999999999654e-01
8.399999999999999689e-01
8.439999999999999725e-01
8.479999999999999760e-01
8.519999999999999796e-01
8.559999999999999831e-01
8.599999999999999867e-01
8.639999999999999902e-01
8.679999999999999938e-01
8.719999999999999973e-01
8.760000000000000009e-01
8.800000000000000044e-01
8.840000000000000080e-01
8.880000000000000115e-01
8.920000000000000151e-01
8.960000000000000187e-01
9.000000000000000222e-01
9.040000000000000258e-01
9.080000000000000293e-01
9.120000000000000329e-01
9.160000000000000364e-01
9.200000000000000400e-01
9.240000000000000435e-01
9.280000000000000471e-01
9.320000000000000506e-01
9.360000000000000542e-01
9.400000000000000577e-01
9.440000000000000613e-01
9.480000000000000648e-01
9.520000000000000684e-01
9.560000000000000719e-01
9.599999999999999645e-01
9.639999999999999680e-01
9.679999999999999716e-01
9.719999999999999751e-01
9.759999999999999787e-01
9.799999999999999822e-01
9.839999999999999858e-01
9.879999999999999893e-01
9.919999999999999929e-01
9.959999999999999964e-01
1.000000000000000000e+00
1.004000000000000004e+00
1.008000000000000007e+00
1.012000000000000011e+00
1.016000000000000014e+00
1.020000000000000018e+00
1.024000000000000021e+00
1.028000000000000025e+00
1.032000000000000028e+00
1.036000000000000032e+00
1.040000000000000036e+00
1.044000000000000039e+00
1.048000000000000043e+00
1.052000000000000046e+00
1.056000000000000050e+00
1.060000000000000053e+00
1.064000000000000057e+00
1.068000000000000060e+00
1.072000000000000064e+00
1.076000000000000068e+00
1.080000000000000071e+00
1.084000000000000075e+00
1.088000000000000078e+00
1.092000000000000082e+00
1.096000000000000085e+00
1.100000000000000089e+00
1.104000000000000092e+00
1.108000000000000096e+00
1.112000000000000099e+00
1.116000000000000103e+00
1.120000000000000107e+00
1.124000000000000110e+00
1.128000000000000114e+00
1.132000000000000117e+00
1.136000000000000121e+00
1.140000000000000124e+00
1.144000000000000128e+00
1.148000000000000131e+00
1.152000000000000135e+00
1.155999999999999917e+00
1.159999999999999920e+00
1.163999999999999924e+00
1.167999999999999927e+00
1.171999999999999931e+00
1.175999999999999934e+00
1.179999999999999938e+00
1.183999999999999941e+00
1.187999999999999945e+00
1.191999999999999948e+00
1.195999999999999952e+00
1.199999999999999956e+00
1.203999999999999959e+00
1.207999999999999963e+00
1.211999999999999966e+00
1.215999999999999970e+00
1.219999999999999973e+00
1.223999999999999977e+00
1.227999999999999980e+00
1.231999999999999984e+00
1.235999999999999988e+00
1.239999999999999991e+00
1.243999999999999995e+00
1.247999999999999998e+00
1.252000000000000002e+00
1.256000000000000005e+00
1.260000000000000009e+00
1.264000000000000012e+00
1.268000000000000016e+00
1.272000000000000020e+00
1.276000000000000023e+00
1.280000000000000027e+00
1.284000000000000030e+00
1.288000000000000034e+00
1.292000000000000037e+00
1.296000000000000041e+00
1.300000000000000044e+00
1.304000000000000048e+00
1.308000000000000052e+00
1.312000000000000055e+00
1.316000000000000059e+00
1.320000000000000062e+00
1.324000000000000066e+00
1.328000000000000069e+00
1.332000000000000073e+00
1.336000000000000076e+00
1.340000000000000080e+00
1.344000000000000083e+00
1.348000000000000087e+00
1.352000000000000091e+00
1.356000000000000094e+00
1.360000000000000098e+00
1.364000000000000101e+00
1.368000000000000105e+00
1.372000000000000108e+00
1.376000000000000112e+00
1.380000000000000115e+00
1.384000000000000119e+00
1.388000000000000123e+00
1.392000000000000126e+00
1.396000000000000130e+00
1.400000000000000133e+00
1.404000000000000137e+00
1.407999999999999918e+00
1.411999999999999922e+00
1.415999999999999925e+00
1.419999999999999929e+00
1.423999999999999932e+00
1.427999999999999936e+00
1.431999999999999940e+00
1.435999999999999943e+00
1.439999999999999947e+00
1.443999999999999950e+00
1.447999999999999954e+00
1.451999999999999957e+00
1.455999999999999961e+00
1.459999999999999964e+00
1.463999999999999968e+00
1.467999999999999972e+00
1.471999999999999975e+00
1.475999999999999979e+00
1.479999999999999982e+00
1.483999999999999986e+00
1.487999999999999989e+00
1.491999999999999993e+00
1.495999999999999996e+00
1.500000000000000000e+00
1.504000000000000004e+00
1.508000000000000007e+00
1.512000000000000011e+00
1.516000000000000014e+00
1.520000000000000018e+00
1.524000000000000021e+00
1.528000000000000025e+00
1.532000000000000028e+00
1.536000000000000032e+00
1.540000000000000036e+00
1.544000000000000039e+00
1.548000000000000043e+00
1.552000000000000046e+00
1.556000000000000050e+00
1.560000000000000053e+00
1.564000000000000057e+00
1.568000000000000060e+00
1.572000000000000064e+00
1.576000000000000068e+00
1.580000000000000071e+00
1.584000000000000075e+00
1.588000000000000078e+00
1.592000000000000082e+00
1.596000000000000085e+00
1.600000000000000089e+00
1.604000000000000092e+00
1.608000000000000096e+00
1.612000000000000099e+00
1.616000000000000103e+00
1.620000000000000107e+00
1.624000000000000110e+00
1.628000000000000114e+00
1.632000000000000117e+00
1.636000000000000121e+00
1.640000000000000124e+00
1.644000000000000128e+00
1.648000000000000131e+00
1.652000000000000135e+00
1.656000000000000139e+00
1.660000000000000142e+00
1.664000000000000146e+00
1.667999999999999927e+00
1.671999999999999931e+00
1.675999999999999934e+00
1.679999999999999938e+00
1.683999999999999941e+00
1.687999999999999945e+00
1.691999999999999948e+00
1.695999999999999952e+00
1.699999999999999956e+00
1.703999999999999959e+00
1.707999999999999963e+00
1.711999999999999966e+00
1.715999999999999970e+00
1.719999999999999973e+00
1.723999999999999977e+00
1.727999999999999980e+00
1.731999999999999984e+00
1.735999999999999988e+00
1.739999999999999991e+00
1.743999999999999995e+00
1.747999999999999998e+00
1.752000000000000002e+00
1.756000000000000005e+00
1.760000000000000009e+00
1.764000000000000012e+00
1.768000000000000016e+00
1.772000000000000020e+00
1.776000000000000023e+00
1.780000000000000027e+00
1.784000000000000030e+00
1.788000000000000034e+00
1.792000000000000037e+00
1.796000000000000041e+00
1.800000000000000044e+00
1.804000000000000048e+00
1.808000000000000052e+00
1.812000000000000055e+00
1.816000000000000059e+00
1.820000000000000062e+00
1.824000000000000066e+00
1.828000000000000069e+00
1.832000000000000073e+00
1.836000000000000076e+00
1.840000000000000080e+00
1.844000000000000083e+00
1.848000000000000087e+00
1.852000000000000091e+00
1.856000000000000094e+00
1.860000000000000098e+00
1.864000000000000101e+00
1.868000000000000105e+00
1.872000000000000108e+00
1.876000000000000112e+00
1.880000000000000115e+00
1.884000000000000119e+00
1.888000000000000123e+00
1.892000000000000126e+00
1.896000000000000130e+00
1.900000000000000133e+00
1.904000000000000137e+00
1.908000000000000140e+00
1.912000000000000144e+00
1.916000000000000147e+00
1.919999999999999929e+00
1.923999999999999932e+00
1.927999999999999936e+00
1.931999999999999940e+00
1.935999999999999943e+00
1.939999999999999947e+00
1.943999999999999950e+00
1.947999999999999954e+00
1.951999999999999957e+00
1.955999999999999961e+00
1.959999999999999964e+00
1.963999999999999968e+00
1.967999999999999972e+00
1.971999999999999975e+00
1.975999999999999979e+00
1.979999999999999982e+00
1.983999999999999986e+00
1.987999999999999989e+00
1.991999999999999993e+00
1.995999999999999996e+00
2.000000000000000000e+00
2.004000000000000004e+00
2.008000000000000007e+00
2.012000000000000011e+00
2.016000000000000014e+00
2.020000000000000018e+00
2.024000000000000021e+00
2.028000000000000025e+00
2.032000000000000028e+00
2.036000000000000032e+00
2.040000000000000036e+00
2.044000000000000039e+00
2.048000000000000043e+00
2.052000000000000046e+00
2.056000000000000050e+00
2.060000000000000053e+00
2.064000000000000057e+00
2.068000000000000060e+00
2.072000000000000064e+00
2.076000000000000068e+00
2.080000000000000071e+00
2.084000000000000075e+00
2.088000000000000078e+00
2.092000000000000082e+00
2.096000000000000085e+00
2.100000000000000089e+00
2.104000000000000092e+00
2.108000000000000096e+00
2.112000000000000099e+00
2.116000000000000103e+00
2.120000000000000107e+00
2.124000000000000110e+00
2.128000000000000114e+00
2.132000000000000117e+00
2.136000000000000121e+00
2.140000000000000124e+00
2.144000000000000128e+00
2.148000000000000131e+00
2.152000000000000135e+00
2.156000000000000139e+00
2.160000000000000142e+00
2.164000000000000146e+00
2.168000000000000149e+00
2.172000000000000153e+00
2.176000000000000156e+00
2.180000000000000160e+00
2.184000000000000163e+00
2.188000000000000167e+00
2.192000000000000171e+00
2.196000000000000174e+00
2.200000000000000178e+00
2.204000000000000181e+00
2.208000000000000185e+00
2.212000000000000188e+00
2.216000000000000192e+00
2.220000000000000195e+00
2.224000000000000199e+00
2.228000000000000203e+00
2.232000000000000206e+00
2.236000000000000210e+00
2.240000000000000213e+00
2.244000000000000217e+00
2.248000000000000220e+00
2.252000000000000224e+00
2.256000000000000227e+00
2.260000000000000231e+00
2.264000000000000234e+00
2.268000000000000238e+00
2.272000000000000242e+00
2.276000000000000245e+00
2.280000000000000249e+00
2.284000000000000252e+00
2.288000000000000256e+00
2.292000000000000259e+00
2.296000000000000263e+00
2.300000000000000266e+00
2.304000000000000270e+00
2.307999999999999829e+00
2.311999999999999833e+00
2.315999999999999837e+00
2.319999999999999840e+00
2.323999999999999844e+00
2.327999999999999847e+00
2.331999999999999851e+00
2.335999999999999854e+00
2.339999999999999858e+00
2.343999999999999861e+00
2.347999999999999865e+00
2.351999999999999869e+00
2.355999999999999872e+00
2.359999999999999876e+00
2.363999999999999879e+00
2.367999999999999883e+00
2.371999999999999886e+00
2.375999999999999890e+00
2.379999999999999893e+00
2.383999999999999897e+00
2.387999999999999901e+00
2.391999999999999904e+00
2.395999999999999908e+00
2.399999999999999911e+00
2.403999999999999915e+00
2.407999999999999918e+00
2.411999999999999922e+00
2.415999999999999925e+00
2.419999999999999929e+00
2.423999999999999932e+00
2.427999999999999936e+00
2.431999999999999940e+00
2.435999999999999943e+00
2.439999999999999947e+00
2.443999999999999950e+00
2.447999999999999954e+00
2.451999999999999957e+00
2.455999999999999961e+00
2.459999999999999964e+00
2.463999999999999968e+00
2.467999999999999972e+00
2.471999999999999975e+00
2.475999999999999979e+00
2.479999999999999982e+00
2.483999999999999986e+00
2.487999999999999989e+00
2.491999999999999993e+00
2.495999999999999996e+00
2.500000000000000000e+00
2.504000000000000004e+00
2.508000000000000007e+00
2.512000000000000011e+00
2.516000000000000014e+00
2.520000000000000018e+00
2.524000000000000021e+00
2.528000000000000025e+00
2.532000000000000028e+00
2.536000000000000032e+00
2.540000000000000036e+00
2.544000000000000039e+00
2.548000000000000043e+00
2.552000000000000046e+00
2.556000000000000050e+00
2.560000000000000053e+00
2.564000000000000057e+00
2.568000000000000060e+00
2.572000000000000064e+00
2.576000000000000068e+00
2.580000000000000071e+00
2.584000000000000075e+00
2.588000000000000078e+00
2.592000000000000082e+00
2.596000000000000085e+00
2.600000000000000089e+00
2.604000000000000092e+00
2.608000000000000096e+00
2.612000000000000099e+00
2.616000000000000103e+00
2.620000000000000107e+00
2.624000000000000110e+00
2.628000000000000114e+00
2.632000000000000117e+00
2.636000000000000121e+00
2.640000000000000124e+00
2.644000000000000128e+00
2.648000000000000131e+00
2.652000000000000135e+00
2.656000000000000139e+00
2.660000000000000142e+00
2.664000000000000146e+00
2.668000000000000149e+00
2.672000000000000153e+00
2.676000000000000156e+00
2.680000000000000160e+00
2.684000000000000163e+00
2.688000000000000167e+00
2.692000000000000171e+00
2.696000000000000174e+00
2.700000000000000178e+00
2.704000000000000181e+00
2.708000000000000185e+00
2.712000000000000188e+00
2.716000000000000192e+00
2.720000000000000195e+00
2.724000000000000199e+00
2.728000000000000203e+00
2.732000000000000206e+00
2.736000000000000210e+00
2.740000000000000213e+00
2.744000000000000217e+00
2.748000000000000220e+00
2.752000000000000224e+00
2.756000000000000227e+00
2.760000000000000231e+00
2.764000000000000234e+00
2.768000000000000238e+00
2.772000000000000242e+00
2.776000000000000245e+00
2.780000000000000249e+00
2.784000000000000252e+00
2.788000000000000256e+00
2.792000000000000259e+00
2.796000000000000263e+00
2.800000000000000266e+00
2.804000000000000270e+00
2.808000000000000274e+00
2.812000000000000277e+00
2.815999999999999837e+00
2.819999999999999840e+00
2.823999999999999844e+00
2.827999999999999847e+00
2.831999999999999851e+00
2.835999999999999854e+00
2.839999999999999858e+00
2.843999999999999861e+00
2.847999999999999865e+00
2.851999999999999869e+00
2.855999999999999872e+00
2.859999999999999876e+00
2.863999999999999879e+00
2.867999999999999883e+00
2.871999999999999886e+00
2.875999999999999890e+00
2.879999999999999893e+00
2.883999999999999897e+00
2.887999999999999901e+00
2.891999999999999904e+00
2.895999999999999908e+00
2.899999999999999911e+00
2.903999999999999915e+00
2.907999999999999918e+00
2.911999999999999922e+00
2.915999999999999925e+00
2.919999999999999929e+00
2.923999999999999932e+00
2.927999999999999936e+00
2.931999999999999940e+00
2.935999999999999943e+00
2.939999999999999947e+00
2.943999999999999950e+00
2.947999999999999954e+00
2.951999999999999957e+00
2.955999999999999961e+00
2.959999999999999964e+00
2.963999999999999968e+00
2.967999999999999972e+00
2.971999999999999975e+00
2.975999999999999979e+00
2.979999999999999982e+00
2.983999999999999986e+00
2.987999999999999989e+00
2.991999999999999993e+00
2.995999999999999996e+00
3.000000000000000000e+00
